100 4
2 1 1 2 
17 21 3
2 3 2
14 17 4
14 17 1
23 3 1
17 20 2
19 22 1
9 13 4
23 2 1
16 19 2
6 9 4
0 2 1
6 10 2
6 7 3
15 18 1
5 9 1
2 5 2
1 3 4
11 12 4
22 0 3
8 10 3
1 4 1
1 1 1
21 23 4
10 14 2
15 18 2
4 7 3
0 2 3
19 22 4
19 0 3
12 15 1
7 10 4
14 18 1
8 10 2
10 13 3
7 11 3
12 14 2
0 3 2
0 3 4
17 19 2
14 19 1
1 3 4
11 12 1
14 18 1
13 18 3
12 16 2
2 5 1
10 14 4
7 10 4
15 20 3
14 18 3
19 21 2
13 15 3
13 16 3
8 11 1
20 23 3
7 10 3
2 7 3
16 19 3
19 21 4
10 14 1
23 3 4
2 5 2
6 10 2
0 3 1
19 22 3
11 13 3
7 11 1
3 6 3
10 13 1
20 0 3
22 1 2
21 0 1
2 3 2
4 9 3
7 9 2
4 7 1
19 22 2
9 10 3
2 2 4
0 2 2
3 5 2
22 2 3
0 3 1
1 3 1
8 11 2
7 11 2
18 20 4
13 16 2
3 6 4
5 8 4
9 12 4
13 17 3
1 2 3
21 23 3
16 19 1
15 19 1
14 16 3
20 22 2
11 14 3
